98 0 2.9146289825439453
98 0 2.7320210933685303
98 0 2.7166802883148193
98 0 2.7836599349975586
98 0 2.742511749267578
98 0 2.7357211112976074
98 0 2.730668783187866
98 0 2.742384433746338
98 0 2.722163200378418
98 0 2.7602219581604004
98 0 2.8796486854553223
98 0 2.6798925399780273
98 0 2.841639995574951
98 0 2.705669641494751
98 0 2.7266063690185547
98 0 2.737616777420044
98 0 2.926658868789673
98 0 2.867717742919922
98 0 2.7054998874664307
98 0 2.7556207180023193
